-6 -72
0 2
2 -41
0 -27
-12 -38
22 11
-3 -73
1 0
-7 -40
-5 -26
4 -26
21 7
-2 -68
13 -2
-8 -39
-17 -30
3 -19
18 3
8 -79
-1 -11
-9 -48
6 -49
0 -29
16 0
6 -88
9 -12
-14 -59
-12 -63
-2 -35
16 -2
8 -95
9 -13
0 -66
-14 -75
-17 -44
14 -5
-7 -104
9 -17
-12 -72
-10 -83
-15 -50
15 -12
9 -110
-5 -20
-12 -79
-9 -88
0 -52
30 -11
-5 -113
-4 -23
4 -85
-9 -93
0 -55
29 -12
-6 -116
0 -66
-13 -90
5 -93
-16 -58
-13 -73
-4 -119
11 -26
-11 -93
5 -94
-16 -62
14 -18
-4 -119
-3 -29
-10 -93
-19 -84
0 -62
29 -24
-4 -118
12 -32
3 -93
-10 -90
-18 -56
-15 -101
11 -112
10 -33
-12 -89
-9 -85
-16 -55
11 -27
-4 -112
10 -34
-11 -89
-8 -84
-15 -56
28 -28
-2 -109
11 -34
4 -89
-9 -82
-15 -55
19 -30
-17 -43
-3 -35
-8 -89
7 -81
0 -55
11 -33
11 -104
-4 -38
-10 -91
-8 -79
0 -55
27 -40
-17 -42
-3 -42
-10 -88
-7 -77
0 -51
12 -43
-1 -105
13 -48
3 -92
-8 -80
0 -52
12 -49
0 -106
-1 -51
6 -91
-5 -79
-13 -52
13 -55
16 -103
-1 -55
-7 -92
-16 -71
2 -52
12 -57
15 -99
0 -57
-7 -89
12 -75
1 -50
9 -57
13 -99
-2 -61
4 -90
8 -74
-18 -50
9 -60
-3 -97
12 -64
-12 -89
6 -72
-3 -46
21 -65
9 -95
9 -64
-14 -87
-10 -70
-4 -41
6 -66
10 -89
10 -62
1 -80
-11 -62
-4 -38
4 -68
-7 -85
8 -66
-16 -78
2 -58
-6 -36
-4 -63
-6 -79
10 -65
-15 -73
-10 -57
-18 -33
4 -70
8 -75
-3 -68
-14 -73
-11 -53
-5 -22
5 -74
9 -70
11 -68
0 -73
-10 -52
-17 -35
21 -82
-5 -74
-2 -75
-14 -74
6 -55
-14 -36
23 -84
-2 -75
2 -81
2 -79
-10 -55
0 -39
5 -89
-3 -78
0 -112
0 -77
5 -53
0 -38
6 -94
-3 -78
16 -87
0 -78
6 -57
-15 -41
4 -99
-4 -76
15 -88
-16 -76
-9 -52
-16 -39
17 -99
11 -75
14 -90
-1 -77
3 -51
-1 -41
2 -101
-6 -70
-1 -91
-3 -60
-10 -48
-2 -57
4 -102
10 -67
-20 -39
-3 -54
-8 -45
-14 -37
20 -102
-4 -66
18 -90
-13 -69
-6 -41
2 -35
21 -103
-2 -67
18 -94
-14 -70
-5 -39
3 -36
22 -103
-4 -58
19 -89
-16 -64
-6 -36
-12 -34
19 -101
-3 -57
19 -90
-14 -63
-4 -32
3 -35
5 -104
-3 -55
20 -93
-14 -63
-5 -32
4 -35
20 -105
-3 -55
4 -95
-16 -62
8 -30
-13 -36
3 -106
9 -51
1 -96
-4 -62
5 -30
-1 -36
0 -108
-6 -52
17 -98
-18 -24
1 -49
0 -35
17 -109
-6 -51
2 -100
-19 -59
-1 -26
-13 -36
-14 -29
-2 -47
5 -99
-18 -55
-7 -22
3 -36
21 -106
11 -46
5 -102
-3 -56
-7 -22
2 -37
7 -108
-4 -48
5 -104
-17 -58
-7 -22
2 -40
22 -108
-7 -36
20 -108
-4 -60
-8 -25
2 -44
22 -111
7 -47
3 -107
-7 -56
0 -21
-6 -31
15 -111
-12 -49
0 -114
-22 -59
-12 -20
-15 -41
19 -109
-4 -34
3 -110
-5 -57
-11 -22
-16 -48
3 -114
-7 -48
19 -113
-19 -57
3 -21
-16 -48
18 -116
-8 -48
3 -115
-20 -57
2 -20
-16 -50
16 -118
-9 -48
15 -117
-22 -58
-15 -24
-16 -54
1 -120
-9 -48
2 -119
-8 -62
-16 -28
-3 -58
1 -131
3 -55
-20 -31
-8 -65
-14 -28
-3 -60
16 -133
-11 -58
4 -125
-7 -67
-15 -30
-16 -65
5 -136
5 -59
5 -127
-22 -70
-15 -33
-2 -71
3 -141
4 -65
19 -131
-7 -75
-13 -38
-16 -76
1 -42
-10 -69
20 -133
-6 -78
1 -40
-1 -80
-15 -44
-10 -70
22 -137
-19 -82
-10 -42
3 -85
6 -143
6 -73
23 -137
-19 -81
-11 -39
2 -82
19 -143
2 -76
5 -143
-20 -83
-3 -76
0 -86
18 -145
-13 -76
4 -139
-20 -84
-13 -46
-3 -86
-1 -51
-11 -80
8 -141
-2 -88
3 -49
-20 -93
7 -148
-10 -85
8 -144
-15 -90
-10 -54
3 -100
-13 -60
-9 -89
25 -146
-15 -94
5 -59
2 -107
21 -153
-12 -92
6 -149
-19 -100
2 -62
0 -110
-19 -67
2 -97
5 -151
-19 -102
-12 -64
1 -115
19 -157
0 -103
4 -153
-19 -106
-14 -67
1 -120
7 -157
0 -104
5 -152
-5 -106
-13 -69
1 -120
20 -157
0 -111
6 -154
-20 -108
0 -73
0 -124
5 -152
-15 -110
4 -150
-20 -107
-14 -72
-15 -125
21 -147
-13 -108
7 -149
-2 -108
-12 -73
2 -125
24 -142
-13 -111
8 -146
-16 -106
-10 -71
2 -124
8 -140
-13 -115
22 -147
-16 -104
1 -72
80 -131
6 -135
-15 -111
21 -139
-20 -104
-18 -71
-3 -122
3 -131
-18 -113
17 -140
-7 -104
-17 -72
-2 -124
4 -129
-2 -115
20 -139
-21 -103
0 -75
-1 -125
5 -125
-15 -115
21 -136
-8 -135
-15 -75
-1 -127
6 -123
-14 -116
7 -136
-1 -105
0 -79
0 -128
6 -118
-16 -117
7 -131
-16 -104
2 -77
0 -127
8 -113
-4 -128
8 -129
-17 -105
-12 -73
0 -123
21 -109
-13 -116
6 -124
-18 -98
0 -70
-2 -123
5 -105
-13 -119
23 -122
-3 -98
-14 -73
-2 -125
6 -102
-13 -121
-15 -76
-1 -102
-12 -77
0 -128
10 -103
-12 -124
-14 -80
0 -103
-15 -97
0 -125
8 -97
1 -124
9 -116
-15 -97
-11 -76
0 -123
7 -94
1 -128
24 -116
0 -97
3 -73
-1 -120
23 -90
-18 -127
23 -107
-15 -96
-13 -83
-16 -121
8 -86
-2 -125
26 -106
1 -96
3 -83
-1 -121
0 -87
-4 -125
8 -106
-15 -94
0 -83
-8 -127
7 -91
-12 -130
9 -105
0 -97
0 -83
-2 -125
-18 -127
4 -129
26 -106
-13 -95
3 -88
-2 -131
25 -88
5 -132
28 -113
-1 -93
-8 -83
2 -123
10 -79
-5 -136
21 -117
-13 -95
-3 -80
4 -119
-2 -99
-4 -126
38 -115
2 -89
-4 -86
-11 -114
13 -58
11 -130
20 -117
-17 -86
6 -86
-15 -110
6 -53
5 -128
28 -124
-4 -83
1 -84
-21 -111
18 -57
-13 -123
25 -127
-18 -81
0 -84
-7 -108
19 -48
-11 -124
12 -143
-18 -77
-13 -82
-21 -104
20 -42
-4 -108
27 -152
-4 -75
-1 -79
-21 -99
20 -36
-9 -118
29 -153
-2 -75
-1 -80
-20 -100
21 -36
-13 -122
25 -165
-2 -73
-19 -86
-6 -99
21 -37
-12 -122
25 -194
-16 -72
-17 -83
-5 -96
-17 -97
-10 -131
-10 -102
-13 -76
-1 -94
-19 -101
5 -91
10 -126
10 -105
4 -81
2 -103
-5 -103
9 -34
-8 -129
7 -104
1 -81
-1 -97
-22 -105
23 -33
3 -136
5 -111
0 -90
-2 -103
-2 -126
25 -32
3 -140
6 -106
-16 -92
-17 -104
-7 -110
23 -37
-12 -145
-10 -116
-14 -102
-3 -113
-6 -118
-13 -122
8 -156
8 -122
-11 -107
-16 -121
-19 -121
-10 -117
-6 -161
-4 -123
8 -116
2 -131
-2 -130
13 -46
9 -166
-6 -131
-8 -119
-14 -134
-15 -131
15 -54
-5 -176
8 -136
8 -121
1 -135
-2 -133
28 -57
-6 -173
9 -134
-10 -123
-14 -139
-18 -144
26 -68
-7 -185
-6 -137
3 -141
-17 -148
-3 -144
26 -71
9 -185
-7 -133
-11 -143
-16 -149
-17 -146
26 -66
10 -189
8 -125
-10 -145
0 -149
-3 -146
11 -67
-4 -190
-8 -122
5 -148
-16 -152
-17 -135
11 -70
-4 -198
8 -122
-6 -154
-14 -152
0 -148
12 -73
-2 -200
-6 -122
11 -167
1 -161
-15 -160
11 -77
-4 -209
9 -122
-6 -171
-14 -164
-10 -157
11 -85
-2 -199
9 -123
-6 -172
8 -181
4 -164
-6 -177
0 -200
-6 -154
9 -177
-13 -161
6 -167
9 -179
-1 -208
5 -180
7 -182
-14 -163
3 -153
10 -137
-2 -200
-7 -157
-9 -184
-16 -162
3 -170
25 -152
11 -220
-8 -152
3 -190
-17 -162
0 -152
0 -156
-4 -214
7 -151
3 -189
-4 -156
0 -168
17 -162
9 -216
1 -161
