Ring	FRC	FRCSmoothed	Threshold
0	1.0000000000000000e+00	1.0002729892730713e+00	1.0000000000000000e+00
1	9.9999934434890747e-01	1.0000568628311157e+00	6.3152962923049927e-01
2	9.9988079071044922e-01	9.9983328580856323e-01	4.8207694292068481e-01
3	9.9977129697799683e-01	9.9960327148437500e-01	4.4606435298919678e-01
4	9.9958014488220215e-01	9.9936813116073608e-01	4.3200713396072388e-01
5	9.9921333789825439e-01	9.9912816286087036e-01	4.1183629631996155e-01
6	9.9905037879943848e-01	9.9887126684188843e-01	3.8112890720367432e-01
7	9.9872714281082153e-01	9.9843561649322510e-01	3.5517922043800354e-01
8	9.9809277057647705e-01	9.9779391288757324e-01	3.5819590091705322e-01
9	9.9798738956451416e-01	9.9700564146041870e-01	3.5439920425415039e-01
10	9.9741977453231812e-01	9.9615567922592163e-01	3.3754718303680420e-01
11	9.9548530578613281e-01	9.9528050422668457e-01	3.2594624161720276e-01
12	9.9194675683975220e-01	9.9437671899795532e-01	3.2230189442634583e-01
13	9.9331939220428467e-01	9.9338984489440918e-01	3.2620534300804138e-01
14	9.9298477172851562e-01	9.9230873584747314e-01	3.1552582979202271e-01
15	9.9166405200958252e-01	9.9112075567245483e-01	3.0647122859954834e-01
16	9.9178266525268555e-01	9.8977756500244141e-01	3.0929210782051086e-01
17	9.8886442184448242e-01	9.8818671703338623e-01	3.0709904432296753e-01
18	9.8755073547363281e-01	9.8633563518524170e-01	2.9416176676750183e-01
19	9.8411846160888672e-01	9.8435372114181519e-01	2.9101043939590454e-01
20	9.8181211948394775e-01	9.8231285810470581e-01	2.9484653472900391e-01
21	9.7869539260864258e-01	9.8024368286132812e-01	2.9363524913787842e-01
22	9.7781592607498169e-01	9.7811287641525269e-01	2.8877791762351990e-01
23	9.7739112377166748e-01	9.7581773996353149e-01	2.8144839406013489e-01
24	9.7432804107666016e-01	9.7322243452072144e-01	2.8314232826232910e-01
25	9.7317838668823242e-01	9.7009676694869995e-01	2.8303018212318420e-01
26	9.6882247924804688e-01	9.6632403135299683e-01	2.7756810188293457e-01
27	9.6391022205352783e-01	9.6197271347045898e-01	2.7648383378982544e-01
28	9.5926260948181152e-01	9.5735782384872437e-01	2.7294927835464478e-01
29	9.5026236772537231e-01	9.5279765129089355e-01	2.7224561572074890e-01
30	9.4521456956863403e-01	9.4846713542938232e-01	2.7523878216743469e-01
31	9.4029200077056885e-01	9.4442921876907349e-01	2.6869341731071472e-01
32	9.4028919935226440e-01	9.4037979841232300e-01	2.6865419745445251e-01
33	9.3873262405395508e-01	9.3579733371734619e-01	2.6817268133163452e-01
34	9.3562579154968262e-01	9.3028581142425537e-01	2.6248365640640259e-01
35	9.3397474288940430e-01	9.2398911714553833e-01	2.6339283585548401e-01
36	9.2189240455627441e-01	9.1732609272003174e-01	2.6280882954597473e-01
37	9.0697950124740601e-01	9.1028964519500732e-01	2.6481688022613525e-01
38	8.9128494262695312e-01	9.0282678604125977e-01	2.6415354013442993e-01
39	8.9094740152359009e-01	8.9510625600814819e-01	2.5889366865158081e-01
40	8.9543807506561279e-01	8.8772469758987427e-01	2.5705450773239136e-01
41	8.8215947151184082e-01	8.8135313987731934e-01	2.5789234042167664e-01
42	8.7492525577545166e-01	8.7570142745971680e-01	2.5562974810600281e-01
43	8.6701166629791260e-01	8.7010622024536133e-01	2.5457838177680969e-01
44	8.5965108871459961e-01	8.6421006917953491e-01	2.5601691007614136e-01
45	8.6421376466751099e-01	8.5821467638015747e-01	2.5641646981239319e-01
46	8.5163593292236328e-01	8.5254257917404175e-01	2.5469166040420532e-01
47	8.4607911109924316e-01	8.4688574075698853e-01	2.5094398856163025e-01
48	8.4444129467010498e-01	8.4090965986251831e-01	2.4985763430595398e-01
49	8.3186960220336914e-01	8.3446580171585083e-01	2.5242474675178528e-01
50	8.3332914113998413e-01	8.2782065868377686e-01	2.5154516100883484e-01
51	8.1903743743896484e-01	8.2139247655868530e-01	2.4808521568775177e-01
52	8.1468892097473145e-01	8.1508010625839233e-01	2.4689078330993652e-01
53	8.0309009552001953e-01	8.0859839916229248e-01	2.4830764532089233e-01
54	8.0393332242965698e-01	8.0225288867950439e-01	2.4758864939212799e-01
55	7.9684990644454956e-01	7.9607659578323364e-01	2.4506650865077972e-01
56	7.9632949829101562e-01	7.9003542661666870e-01	2.4663913249969482e-01
57	7.7389824390411377e-01	7.8421700000762939e-01	2.4565941095352173e-01
58	7.8488278388977051e-01	7.7877461910247803e-01	2.4440306425094604e-01
59	7.7238690853118896e-01	7.7360916137695312e-01	2.4407146871089935e-01
60	7.5955903530120850e-01	7.6849931478500366e-01	2.4318945407867432e-01
61	7.6366466283798218e-01	7.6368808746337891e-01	2.4482262134552002e-01
62	7.6572895050048828e-01	7.5977259874343872e-01	2.4241995811462402e-01
63	7.5814497470855713e-01	7.5650411844253540e-01	2.3915679752826691e-01
64	7.4236130714416504e-01	7.5292062759399414e-01	2.4043571949005127e-01
65	7.4614858627319336e-01	7.4812650680541992e-01	2.4129186570644379e-01
66	7.5655150413513184e-01	7.4210768938064575e-01	2.4146366119384766e-01
67	7.5362980365753174e-01	7.3566830158233643e-01	2.4079999327659607e-01
68	7.2078132629394531e-01	7.2955691814422607e-01	2.3970976471900940e-01
69	7.1500217914581299e-01	7.2366178035736084e-01	2.3831412196159363e-01
70	7.1195054054260254e-01	7.1724146604537964e-01	2.3721557855606079e-01
71	7.0339912176132202e-01	7.1064084768295288e-01	2.3750516772270203e-01
72	7.0611596107482910e-01	7.0475846529006958e-01	2.3698839545249939e-01
73	7.1595907211303711e-01	6.9929230213165283e-01	2.3693658411502838e-01
74	6.9093811511993408e-01	6.9280725717544556e-01	2.3747014999389648e-01
75	6.8663597106933594e-01	6.8540126085281372e-01	2.3653341829776764e-01
76	6.8558847904205322e-01	6.7831099033355713e-01	2.3382914066314697e-01
77	6.7233908176422119e-01	6.7208355665206909e-01	2.3451077938079834e-01
78	6.3895893096923828e-01	6.6690224409103394e-01	2.3610167205333710e-01
79	6.4915311336517334e-01	6.6253310441970825e-01	2.3554380238056183e-01
80	6.7346251010894775e-01	6.5880155563354492e-01	2.3450547456741333e-01
81	6.6095602512359619e-01	6.5660798549652100e-01	2.3318336904048920e-01
82	6.5954947471618652e-01	6.5606343746185303e-01	2.3360970616340637e-01
83	6.5115040540695190e-01	6.5551102161407471e-01	2.3253642022609711e-01
84	6.4245474338531494e-01	6.5264695882797241e-01	2.3205620050430298e-01
85	6.6036963462829590e-01	6.4745891094207764e-01	2.3212319612503052e-01
86	6.5667688846588135e-01	6.4159977436065674e-01	2.3121178150177002e-01
87	6.4835309982299805e-01	6.3570761680603027e-01	2.3279748857021332e-01
88	6.1798059940338135e-01	6.2929248809814453e-01	2.3122654855251312e-01
89	6.0834419727325439e-01	6.2196117639541626e-01	2.3045313358306885e-01
90	6.1362051963806152e-01	6.1416047811508179e-01	2.3147310316562653e-01
91	6.1495113372802734e-01	6.0703402757644653e-01	2.3094369471073151e-01
92	5.9444624185562134e-01	6.0152161121368408e-01	2.2910627722740173e-01
93	5.9485077857971191e-01	5.9708100557327271e-01	2.2775691747665405e-01
94	5.9745287895202637e-01	5.9219074249267578e-01	2.3008631169795990e-01
95	5.7764387130737305e-01	5.8610594272613525e-01	2.3088449239730835e-01
96	5.9268176555633545e-01	5.7962822914123535e-01	2.2882018983364105e-01
97	5.8156752586364746e-01	5.7368969917297363e-01	2.2714567184448242e-01
98	5.6560707092285156e-01	5.6767976284027100e-01	2.2823153436183929e-01
99	5.4491150379180908e-01	5.6074398756027222e-01	2.2924147546291351e-01
100	5.5163335800170898e-01	5.5300110578536987e-01	2.2779664397239685e-01
101	5.6096863746643066e-01	5.4459816217422485e-01	2.2687253355979919e-01
102	5.4551410675048828e-01	5.3685927391052246e-01	2.2696308791637421e-01
103	5.1381015777587891e-01	5.3081881999969482e-01	2.2726458311080933e-01
104	5.3072011470794678e-01	5.2573221921920776e-01	2.2664347290992737e-01
105	5.0123071670532227e-01	5.2041941881179810e-01	2.2485430538654327e-01
106	5.0257128477096558e-01	5.1479285955429077e-01	2.2610300779342651e-01
107	5.3218966722488403e-01	5.0957542657852173e-01	2.2715470194816589e-01
108	5.1880407333374023e-01	5.0459474325180054e-01	2.2638066112995148e-01
109	4.9861049652099609e-01	4.9881106615066528e-01	2.2530235350131989e-01
110	4.8605072498321533e-01	4.9170699715614319e-01	2.2407357394695282e-01
111	4.8794418573379517e-01	4.8348715901374817e-01	2.2600212693214417e-01
112	4.7485300898551941e-01	4.7531875967979431e-01	2.2432295978069305e-01
113	4.6211856603622437e-01	4.6787270903587341e-01	2.2354207932949066e-01
114	4.4603979587554932e-01	4.6112653613090515e-01	2.2513467073440552e-01
115	4.5867365598678589e-01	4.5506936311721802e-01	2.2387357056140900e-01
116	4.6720749139785767e-01	4.5023104548454285e-01	2.2390905022621155e-01
117	4.2933589220046997e-01	4.4638159871101379e-01	2.2345925867557526e-01
118	4.3937432765960693e-01	4.4246181845664978e-01	2.2327269613742828e-01
119	4.3790194392204285e-01	4.3804284930229187e-01	2.2358696162700653e-01
120	4.4817638397216797e-01	4.3369704484939575e-01	2.2208535671234131e-01
121	4.2819774150848389e-01	4.3084084987640381e-01	2.2253446280956268e-01
122	4.1648432612419128e-01	4.2925885319709778e-01	2.2274069488048553e-01
123	4.2053031921386719e-01	4.2652690410614014e-01	2.2267550230026245e-01
124	4.1959404945373535e-01	4.2113229632377625e-01	2.2269973158836365e-01
125	4.3649679422378540e-01	4.1385832428932190e-01	2.2146341204643250e-01
126	4.3429791927337646e-01	4.0645092725753784e-01	2.2114865481853485e-01
127	4.0573424100875854e-01	3.9932337403297424e-01	2.2180125117301941e-01
128	3.5904860496520996e-01	3.9122393727302551e-01	2.2129707038402557e-01
129	3.6646962165832520e-01	3.8193970918655396e-01	2.2071276605129242e-01
130	3.7044352293014526e-01	3.7266078591346741e-01	2.2138090431690216e-01
131	3.8770636916160583e-01	3.6537367105484009e-01	2.2151309251785278e-01
132	3.4719365835189819e-01	3.5991263389587402e-01	2.2110576927661896e-01
133	3.5996273159980774e-01	3.5490527749061584e-01	2.1969014406204224e-01
134	3.4203994274139404e-01	3.4944206476211548e-01	2.1985934674739838e-01
135	3.6128982901573181e-01	3.4383982419967651e-01	2.2098691761493683e-01
136	3.1887161731719971e-01	3.3868369460105896e-01	2.1983318030834198e-01
137	3.2884654402732849e-01	3.3370977640151978e-01	2.1929147839546204e-01
138	3.3772730827331543e-01	3.2836386561393738e-01	2.1818023920059204e-01
139	3.2674175500869751e-01	3.2312488555908203e-01	2.1842062473297119e-01
140	3.2338696718215942e-01	3.1883171200752258e-01	2.2018358111381531e-01
141	3.0552947521209717e-01	3.1569364666938782e-01	2.1829731762409210e-01
142	3.0866289138793945e-01	3.1222125887870789e-01	2.1885141730308533e-01
143	2.9701918363571167e-01	3.0783334374427795e-01	2.1973431110382080e-01
144	3.1306433677673340e-01	3.0351108312606812e-01	2.1845479309558868e-01
145	3.1473961472511292e-01	3.0008342862129211e-01	2.1824835240840912e-01
146	3.0009233951568604e-01	2.9742693901062012e-01	2.1800117194652557e-01
147	2.7352970838546753e-01	2.9437765479087830e-01	2.1778714656829834e-01
148	2.8942197561264038e-01	2.9011923074722290e-01	2.1763151884078979e-01
149	2.9291146993637085e-01	2.8449088335037231e-01	2.1754853427410126e-01
150	2.8984582424163818e-01	2.7793866395950317e-01	2.1744678914546967e-01
151	2.7644824981689453e-01	2.7145025134086609e-01	2.1783548593521118e-01
152	2.6767724752426147e-01	2.6548197865486145e-01	2.1749417483806610e-01
153	2.5823664665222168e-01	2.5987315177917480e-01	2.1698233485221863e-01
154	2.2683516144752502e-01	2.5491183996200562e-01	2.1716320514678955e-01
155	2.4042129516601562e-01	2.5021219253540039e-01	2.1680565178394318e-01
156	2.5825217366218567e-01	2.4546007812023163e-01	2.1659268438816071e-01
157	2.5046873092651367e-01	2.4069727957248688e-01	2.1652697026729584e-01
158	2.5521457195281982e-01	2.3610301315784454e-01	2.1619738638401031e-01
159	2.2997069358825684e-01	2.3164020478725433e-01	2.1615384519100189e-01
160	2.1567279100418091e-01	2.2661547362804413e-01	2.1687072515487671e-01
161	2.0931224524974823e-01	2.2180169820785522e-01	2.1619375050067902e-01
162	2.0435447990894318e-01	2.1858686208724976e-01	2.1488277614116669e-01
163	2.2175960242748260e-01	2.1750704944133759e-01	2.1584713459014893e-01
164	2.1139755845069885e-01	2.1806696057319641e-01	2.1608890593051910e-01
165	2.2068884968757629e-01	2.1781596541404724e-01	2.1555314958095551e-01
166	2.3171326518058777e-01	2.1550260484218597e-01	2.1528042852878571e-01
167	2.2548003494739532e-01	2.1148049831390381e-01	2.1497626602649689e-01
168	2.3074829578399658e-01	2.0658004283905029e-01	2.1594148874282837e-01
169	1.7695048451423645e-01	2.0140101015567780e-01	2.1472947299480438e-01
170	1.7909993231296539e-01	1.9593706727027893e-01	2.1424183249473572e-01
171	1.8281300365924835e-01	1.9020506739616394e-01	2.1501153707504272e-01
172	1.8935781717300415e-01	1.8452097475528717e-01	2.1441574394702911e-01
173	1.8204903602600098e-01	1.7909033596515656e-01	2.1490050852298737e-01
174	1.9651412963867188e-01	1.7435739934444427e-01	2.1430063247680664e-01
175	1.7301920056343079e-01	1.7039081454277039e-01	2.1408598124980927e-01
176	1.5681262314319611e-01	1.6661618649959564e-01	2.1492759883403778e-01
177	1.4008268713951111e-01	1.6284467279911041e-01	2.1462054550647736e-01
178	1.4195859432220459e-01	1.5950925648212433e-01	2.1314947307109833e-01
179	1.8224778771400452e-01	1.5702936053276062e-01	2.1330553293228149e-01
180	1.5544572472572327e-01	1.5620395541191101e-01	2.1486760675907135e-01
181	1.5219403803348541e-01	1.5649610757827759e-01	2.1554552018642426e-01
182	1.6731077432632446e-01	1.5707933902740479e-01	2.1639324724674225e-01
183	1.4442127943038940e-01	1.5734392404556274e-01	2.1652507781982422e-01
184	1.5412271022796631e-01	1.5701082348823547e-01	2.1613524854183197e-01
185	1.5327130258083344e-01	1.5629892051219940e-01	2.1721087396144867e-01
186	1.6463652253150940e-01	1.5520715713500977e-01	2.1651634573936462e-01
187	1.6731238365173340e-01	1.5414781868457794e-01	2.1670939028263092e-01
188	1.5587379038333893e-01	1.5381115674972534e-01	2.1765734255313873e-01
189	1.3514287769794464e-01	1.5412406623363495e-01	2.1775868535041809e-01
190	1.4957726001739502e-01	1.5359985828399658e-01	2.1806345880031586e-01
191	1.4920952916145325e-01	1.5118773281574249e-01	2.1698495745658875e-01
192	1.5077166259288788e-01	1.4868699014186859e-01	2.1805529296398163e-01
193	1.8382537364959717e-01	1.4764676988124847e-01	2.1860004961490631e-01
194	1.4746484160423279e-01	1.4778490364551544e-01	2.1816673874855042e-01
195	9.9176093935966492e-02	1.4762222766876221e-01	2.1842378377914429e-01
196	1.5138801932334900e-01	1.4643260836601257e-01	2.1823294460773468e-01
197	1.5466672182083130e-01	1.4493207633495331e-01	2.1886867284774780e-01
198	1.5168188512325287e-01	1.4431138336658478e-01	2.1843233704566956e-01
199	1.5083822607994080e-01	1.4432628452777863e-01	2.1838393807411194e-01
200	1.4253896474838257e-01	1.4274781942367554e-01	2.1923035383224487e-01
201	1.4046664535999298e-01	1.3885013759136200e-01	2.1887433528900146e-01
202	1.4892798662185669e-01	1.3482105731964111e-01	2.1863681077957153e-01
203	1.2284204363822937e-01	1.3156628608703613e-01	2.1902886033058167e-01
204	1.0931216180324554e-01	1.2914845347404480e-01	2.2027845680713654e-01
205	1.1911532282829285e-01	1.2786300480365753e-01	2.2004105150699615e-01
206	1.3906997442245483e-01	1.2778607010841370e-01	2.1912555396556854e-01
207	1.2113686650991440e-01	1.2891392409801483e-01	2.1853332221508026e-01
208	1.2831151485443115e-01	1.2996962666511536e-01	2.1912449598312378e-01
209	1.4542007446289062e-01	1.2898860871791840e-01	2.2029279172420502e-01
210	1.3400971889495850e-01	1.2615823745727539e-01	2.1993653476238251e-01
211	1.3936159014701843e-01	1.2327795475721359e-01	2.2026558220386505e-01
212	1.1637578904628754e-01	1.2054655700922012e-01	2.1937781572341919e-01
213	8.7796181440353394e-02	1.1630313843488693e-01	2.1999777853488922e-01
214	1.0218381136655807e-01	1.1081771552562714e-01	2.1990992128849030e-01
215	1.3137178122997284e-01	1.0578411072492599e-01	2.1932461857795715e-01
216	1.1734053492546082e-01	1.0207635909318924e-01	2.2068606317043304e-01
217	7.6960869133472443e-02	9.8882712423801422e-02	2.2026108205318451e-01
218	9.5200300216674805e-02	9.5210686326026917e-02	2.2070907056331635e-01
219	9.2253997921943665e-02	9.1322794556617737e-02	2.1974815428256989e-01
220	9.5948651432991028e-02	8.8819012045860291e-02	2.1943217515945435e-01
221	6.4215227961540222e-02	8.9100547134876251e-02	2.2097793221473694e-01
222	8.0804765224456787e-02	9.1136932373046875e-02	2.2104507684707642e-01
223	9.7723171114921570e-02	9.2944718897342682e-02	2.2065846621990204e-01
224	9.5747441053390503e-02	9.4178512692451477e-02	2.1991519629955292e-01
225	1.1086192727088928e-01	9.5374383032321930e-02	2.2042250633239746e-01
226	1.1308705806732178e-01	9.7121179103851318e-02	2.2087690234184265e-01
227	9.1208539903163910e-02	9.7764529287815094e-02	2.2060325741767883e-01
228	8.2992404699325562e-02	9.6216715872287750e-02	2.2028727829456329e-01
229	8.1178307533264160e-02	9.3017078936100006e-02	2.2063635289669037e-01
230	1.2368451058864594e-01	8.9462585747241974e-02	2.2117416560649872e-01
231	8.8084176182746887e-02	8.7846070528030396e-02	2.2053106129169464e-01
232	6.7961990833282471e-02	8.8314801454544067e-02	2.2093597054481506e-01
233	8.1982195377349854e-02	8.9116379618644714e-02	2.2099617123603821e-01
234	6.9795176386833191e-02	8.9527547359466553e-02	2.2136549651622772e-01
235	1.0478813201189041e-01	8.9638769626617432e-02	2.2152572870254517e-01
236	1.0923656076192856e-01	9.0729460120201111e-02	2.1991397440433502e-01
237	8.6596786975860596e-02	9.2373207211494446e-02	2.2063861787319183e-01
238	1.0841371119022369e-01	9.3911200761795044e-02	2.2146970033645630e-01
239	7.4177145957946777e-02	9.5550611615180969e-02	2.2091630101203918e-01
240	8.9294284582138062e-02	9.7202666103839874e-02	2.2100944817066193e-01
241	9.3227237462997437e-02	9.9122188985347748e-02	2.2124981880187988e-01
242	1.0342848300933838e-01	1.0093075782060623e-01	2.2203513979911804e-01
243	1.1745700240135193e-01	1.0263643413782120e-01	2.2096341848373413e-01
244	1.1634588986635208e-01	1.0387367010116577e-01	2.2069431841373444e-01
245	1.1151717603206635e-01	1.0363642126321793e-01	2.2172568738460541e-01
246	8.2652688026428223e-02	1.0190391540527344e-01	2.2164432704448700e-01
247	1.1553052067756653e-01	9.9935024976730347e-02	2.2134968638420105e-01
248	8.4821425378322601e-02	9.8533689975738525e-02	2.2084185481071472e-01
249	9.3237720429897308e-02	9.7220949828624725e-02	2.2124019265174866e-01
250	8.2035258412361145e-02	9.5477953553199768e-02	2.2154349088668823e-01
251	1.1685580760240555e-01	9.3669176101684570e-02	2.2153455018997192e-01
252	1.0962362587451935e-01	9.3122243881225586e-02	2.2155530750751495e-01
253	8.0179214477539062e-02	9.4360999763011932e-02	2.2133091092109680e-01
254	7.4244111776351929e-02	9.5357112586498260e-02	2.2183856368064880e-01
255	8.1284284591674805e-02	9.4698183238506317e-02	2.2153441607952118e-01
256	1.1299914121627808e-01	9.2445053160190582e-02	2.2131924331188202e-01
257	1.1663663387298584e-01	9.0828210115432739e-02	2.2179546952247620e-01
258	8.9982002973556519e-02	9.0974003076553345e-02	2.2199666500091553e-01
259	8.8433712720870972e-02	9.1577850282192230e-02	2.2175163030624390e-01
260	6.1013210564851761e-02	9.0674914419651031e-02	2.2119161486625671e-01
261	8.0317959189414978e-02	8.8146418333053589e-02	2.2119271755218506e-01
262	1.0251119732856750e-01	8.5885189473628998e-02	2.2215841710567474e-01
263	1.1133183538913727e-01	8.5324808955192566e-02	2.2271914780139923e-01
264	7.6361641287803650e-02	8.5860274732112885e-02	2.2147810459136963e-01
265	7.4826791882514954e-02	8.6493439972400665e-02	2.2104460000991821e-01
266	7.4511982500553131e-02	8.8056579232215881e-02	2.2180137038230896e-01
267	9.1503657400608063e-02	9.0096175670623779e-02	2.2231529653072357e-01
268	8.0969698727130890e-02	9.2276275157928467e-02	2.2184529900550842e-01
269	9.4255179166793823e-02	9.4680599868297577e-02	2.2173991799354553e-01
270	1.0178063064813614e-01	9.7379602491855621e-02	2.2252652049064636e-01
271	1.1033980548381805e-01	1.0040871798992157e-01	2.2190448641777039e-01
