Ring	FRC	FRCSmoothed	Threshold
0	1.0000000000000000e+00	1.0002764463424683e+00	1.0000000000000000e+00
1	9.9999976158142090e-01	1.0001213550567627e+00	6.3689416646957397e-01
2	9.9999988079071045e-01	9.9995881319046021e-01	5.2552491426467896e-01
3	9.9992239475250244e-01	9.9979019165039062e-01	4.6707791090011597e-01
4	9.9979650974273682e-01	9.9961495399475098e-01	4.0511482954025269e-01
5	9.9965345859527588e-01	9.9943590164184570e-01	3.8412487506866455e-01
6	9.9943900108337402e-01	9.9925196170806885e-01	3.8369512557983398e-01
7	9.9927294254302979e-01	9.9899655580520630e-01	3.7674495577812195e-01
8	9.9874448776245117e-01	9.9870699644088745e-01	3.5210624337196350e-01
9	9.9845087528228760e-01	9.9838167428970337e-01	3.4462690353393555e-01
10	9.9800437688827515e-01	9.9802345037460327e-01	3.4099304676055908e-01
11	9.9767732620239258e-01	9.9763941764831543e-01	3.3167991042137146e-01
12	9.9737918376922607e-01	9.9723333120346069e-01	3.3217436075210571e-01
13	9.9702084064483643e-01	9.9680715799331665e-01	3.2071670889854431e-01
14	9.9627244472503662e-01	9.9635690450668335e-01	3.0723559856414795e-01
15	9.9594044685363770e-01	9.9587213993072510e-01	3.0595403909683228e-01
16	9.9567449092864990e-01	9.9535161256790161e-01	3.0578273534774780e-01
17	9.9486541748046875e-01	9.9479919672012329e-01	3.0341681838035583e-01
18	9.9443483352661133e-01	9.9424344301223755e-01	3.0174174904823303e-01
19	9.9370968341827393e-01	9.9374723434448242e-01	2.9743704199790955e-01
20	9.9290120601654053e-01	9.9329608678817749e-01	2.8844118118286133e-01
21	9.9234575033187866e-01	9.9284535646438599e-01	2.8765812516212463e-01
22	9.9175751209259033e-01	9.9239981174468994e-01	2.8810906410217285e-01
23	9.9101316928863525e-01	9.9199020862579346e-01	2.8670138120651245e-01
24	9.9421179294586182e-01	9.9160110950469971e-01	2.8363907337188721e-01
25	9.9109554290771484e-01	9.9115806818008423e-01	2.7765259146690369e-01
26	9.8974621295928955e-01	9.9055367708206177e-01	2.7881008386611938e-01
27	9.9047875404357910e-01	9.8973661661148071e-01	2.7618044614791870e-01
28	9.9117434024810791e-01	9.8873549699783325e-01	2.7369973063468933e-01
29	9.8949968814849854e-01	9.8759734630584717e-01	2.7375614643096924e-01
30	9.8639571666717529e-01	9.8637247085571289e-01	2.7206116914749146e-01
31	9.8368906974792480e-01	9.8508942127227783e-01	2.7185633778572083e-01
32	9.8259615898132324e-01	9.8372346162796021e-01	2.6835849881172180e-01
33	9.8266398906707764e-01	9.8231959342956543e-01	2.6583746075630188e-01
34	9.8069632053375244e-01	9.8096990585327148e-01	2.6545345783233643e-01
35	9.7976875305175781e-01	9.7976362705230713e-01	2.6464834809303284e-01
36	9.7837984561920166e-01	9.7877007722854614e-01	2.6228475570678711e-01
37	9.7702431678771973e-01	9.7794789075851440e-01	2.5980427861213684e-01
38	9.7709524631500244e-01	9.7718995809555054e-01	2.6170405745506287e-01
39	9.7489082813262939e-01	9.7655642032623291e-01	2.6181015372276306e-01
40	9.7426748275756836e-01	9.7611403465270996e-01	2.5927132368087769e-01
41	9.7754871845245361e-01	9.7569113969802856e-01	2.5753539800643921e-01
42	9.7704327106475830e-01	9.7508627176284790e-01	2.5589933991432190e-01
43	9.7096705436706543e-01	9.7420519590377808e-01	2.5453034043312073e-01
44	9.7648882865905762e-01	9.7299373149871826e-01	2.5321501493453979e-01
45	9.7964894771575928e-01	9.7146952152252197e-01	2.5475186109542847e-01
46	9.6962374448776245e-01	9.6966898441314697e-01	2.5465306639671326e-01
47	9.6487939357757568e-01	9.6763956546783447e-01	2.5239288806915283e-01
48	9.6603131294250488e-01	9.6550077199935913e-01	2.5037997961044312e-01
49	9.6182346343994141e-01	9.6328365802764893e-01	2.5015178322792053e-01
50	9.5922350883483887e-01	9.6098691225051880e-01	2.5184014439582825e-01
51	9.5861274003982544e-01	9.5873963832855225e-01	2.5019651651382446e-01
52	9.5567286014556885e-01	9.5659542083740234e-01	2.4783851206302643e-01
53	9.5779561996459961e-01	9.5443528890609741e-01	2.4608345329761505e-01
54	9.5416569709777832e-01	9.5224493741989136e-01	2.4645717442035675e-01
55	9.5001244544982910e-01	9.5006698369979858e-01	2.4677732586860657e-01
56	9.4627535343170166e-01	9.4784992933273315e-01	2.4580065906047821e-01
57	9.4506180286407471e-01	9.4555062055587769e-01	2.4642972648143768e-01
58	9.4195187091827393e-01	9.4322043657302856e-01	2.4419014155864716e-01
59	9.4085192680358887e-01	9.4094902276992798e-01	2.4288469552993774e-01
60	9.3934524059295654e-01	9.3883270025253296e-01	2.4260200560092926e-01
61	9.3707478046417236e-01	9.3683719635009766e-01	2.4274694919586182e-01
62	9.3393230438232422e-01	9.3487018346786499e-01	2.4253287911415100e-01
63	9.3308877944946289e-01	9.3286895751953125e-01	2.4214279651641846e-01
64	9.3109703063964844e-01	9.3082499504089355e-01	2.4130673706531525e-01
65	9.2962920665740967e-01	9.2874580621719360e-01	2.3945941030979156e-01
66	9.2663216590881348e-01	9.2667299509048462e-01	2.4023213982582092e-01
67	9.2457020282745361e-01	9.2461115121841431e-01	2.3993925750255585e-01
68	9.2218506336212158e-01	9.2251414060592651e-01	2.3948040604591370e-01
69	9.2020332813262939e-01	9.2035210132598877e-01	2.3901408910751343e-01
70	9.1776466369628906e-01	9.1822987794876099e-01	2.3750388622283936e-01
71	9.1688680648803711e-01	9.1641533374786377e-01	2.3800478875637054e-01
72	9.1450798511505127e-01	9.1513276100158691e-01	2.3650804162025452e-01
73	9.1119670867919922e-01	9.1455048322677612e-01	2.3628354072570801e-01
74	9.0886557102203369e-01	9.1471922397613525e-01	2.3779158294200897e-01
75	9.0720951557159424e-01	9.1562837362289429e-01	2.3616735637187958e-01
76	9.1688084602355957e-01	9.1661328077316284e-01	2.3519372940063477e-01
77	9.1559803485870361e-01	9.1680467128753662e-01	2.3486691713333130e-01
78	9.2583107948303223e-01	9.1591596603393555e-01	2.3433722555637360e-01
79	9.2217838764190674e-01	9.1432726383209229e-01	2.3447436094284058e-01
80	9.3971216678619385e-01	9.1223675012588501e-01	2.3477323353290558e-01
81	9.1109549999237061e-01	9.0967810153961182e-01	2.3349696397781372e-01
82	8.8832938671112061e-01	9.0653884410858154e-01	2.3254393041133881e-01
83	8.8524788618087769e-01	9.0328449010848999e-01	2.3333203792572021e-01
84	9.0604221820831299e-01	9.0114885568618774e-01	2.3244972527027130e-01
85	8.9284944534301758e-01	9.0067636966705322e-01	2.3237217962741852e-01
86	8.9565694332122803e-01	9.0108603239059448e-01	2.3170074820518494e-01
87	8.9089226722717285e-01	9.0115797519683838e-01	2.3085370659828186e-01
88	8.9610326290130615e-01	8.9959901571273804e-01	2.3126460611820221e-01
89	9.4233560562133789e-01	8.9607274532318115e-01	2.3108908534049988e-01
90	9.2346489429473877e-01	8.9133858680725098e-01	2.3136514425277710e-01
91	8.8514208793640137e-01	8.8607341051101685e-01	2.3055812716484070e-01
92	8.6636984348297119e-01	8.8058590888977051e-01	2.2900505363941193e-01
93	8.5678029060363770e-01	8.7479233741760254e-01	2.2896458208560944e-01
94	8.4933471679687500e-01	8.6826246976852417e-01	2.2891639173030853e-01
95	8.5637491941452026e-01	8.6130648851394653e-01	2.2990599274635315e-01
96	8.4765470027923584e-01	8.5492300987243652e-01	2.2871366143226624e-01
97	8.7830078601837158e-01	8.4917783737182617e-01	2.2784596681594849e-01
98	8.7385416030883789e-01	8.4373015165328979e-01	2.2826737165451050e-01
99	8.3514976501464844e-01	8.3848053216934204e-01	2.2765085101127625e-01
100	8.1624042987823486e-01	8.3295905590057373e-01	2.2716280817985535e-01
101	8.1583064794540405e-01	8.2663184404373169e-01	2.2705039381980896e-01
102	8.0942034721374512e-01	8.1969457864761353e-01	2.2753624618053436e-01
103	8.0477309226989746e-01	8.1290805339813232e-01	2.2683389484882355e-01
104	8.2295572757720947e-01	8.0710154771804810e-01	2.2654284536838531e-01
105	8.1178945302963257e-01	8.0227667093276978e-01	2.2609317302703857e-01
106	7.9371500015258789e-01	7.9784274101257324e-01	2.2601075470447540e-01
107	7.9247069358825684e-01	7.9346078634262085e-01	2.2589686512947083e-01
108	7.9073143005371094e-01	7.8927111625671387e-01	2.2483822703361511e-01
109	7.7566468715667725e-01	7.8533011674880981e-01	2.2523957490921021e-01
110	7.6979935169219971e-01	7.8164839744567871e-01	2.2505426406860352e-01
111	7.7939796447753906e-01	7.7833664417266846e-01	2.2505609691143036e-01
112	7.7466821670532227e-01	7.7524173259735107e-01	2.2497883439064026e-01
113	7.8278535604476929e-01	7.7208465337753296e-01	2.2426916658878326e-01
114	7.7668917179107666e-01	7.6880294084548950e-01	2.2468420863151550e-01
115	7.6686632633209229e-01	7.6538795232772827e-01	2.2347566485404968e-01
116	7.5869750976562500e-01	7.6179784536361694e-01	2.2271612286567688e-01
117	7.5747597217559814e-01	7.5826102495193481e-01	2.2348812222480774e-01
118	7.4929797649383545e-01	7.5519698858261108e-01	2.2351253032684326e-01
119	7.4138426780700684e-01	7.5302106142044067e-01	2.2369463741779327e-01
120	7.4558198451995850e-01	7.5259286165237427e-01	2.2305975854396820e-01
121	7.5055944919586182e-01	7.5332748889923096e-01	2.2243142127990723e-01
122	7.5087028741836548e-01	7.5411331653594971e-01	2.2209291160106659e-01
123	7.5836956501007080e-01	7.5436776876449585e-01	2.2227314114570618e-01
124	7.4349606037139893e-01	7.5449234247207642e-01	2.2176557779312134e-01
125	8.0454552173614502e-01	7.5554859638214111e-01	2.2115260362625122e-01
126	7.4985301494598389e-01	7.5771176815032959e-01	2.2188188135623932e-01
127	7.3712885379791260e-01	7.6015287637710571e-01	2.2180682420730591e-01
128	7.3547375202178955e-01	7.6378256082534790e-01	2.2142997384071350e-01
129	7.4848908185958862e-01	7.6885306835174561e-01	2.2112244367599487e-01
130	7.9559016227722168e-01	7.7336513996124268e-01	2.2083070874214172e-01
131	7.9428654909133911e-01	7.7567785978317261e-01	2.2048440575599670e-01
132	7.3512876033782959e-01	7.7518415451049805e-01	2.2026190161705017e-01
133	8.4692406654357910e-01	7.7114307880401611e-01	2.2046783566474915e-01
134	8.5333335399627686e-01	7.6420086622238159e-01	2.2014679014682770e-01
135	7.3267829418182373e-01	7.5544458627700806e-01	2.2020795941352844e-01
136	7.1442705392837524e-01	7.4666130542755127e-01	2.1972034871578217e-01
137	7.0271313190460205e-01	7.4013745784759521e-01	2.1924714744091034e-01
138	6.9697171449661255e-01	7.3647296428680420e-01	2.1926593780517578e-01
139	7.1004110574722290e-01	7.3660957813262939e-01	2.1908521652221680e-01
140	7.0136195421218872e-01	7.4195492267608643e-01	2.1959665417671204e-01
141	7.4289822578430176e-01	7.5114595890045166e-01	2.1926875412464142e-01
142	8.1854689121246338e-01	7.6026272773742676e-01	2.1854791045188904e-01
143	7.7846097946166992e-01	7.6597434282302856e-01	2.1858131885528564e-01
144	8.1979608535766602e-01	7.6522552967071533e-01	2.1824729442596436e-01
145	7.8516340255737305e-01	7.5610864162445068e-01	2.1804040670394897e-01
146	7.9204243421554565e-01	7.3871129751205444e-01	2.1848466992378235e-01
147	7.4986463785171509e-01	7.1559911966323853e-01	2.1857944130897522e-01
148	6.9780135154724121e-01	6.9040703773498535e-01	2.1756567060947418e-01
149	6.2825566530227661e-01	6.6449248790740967e-01	2.1752676367759705e-01
150	5.8415985107421875e-01	6.3819193840026855e-01	2.1748690307140350e-01
151	5.6719076633453369e-01	6.1310058832168579e-01	2.1749444305896759e-01
152	5.9081506729125977e-01	5.9130871295928955e-01	2.1756738424301147e-01
153	6.3133555650711060e-01	5.7520312070846558e-01	2.1660803258419037e-01
154	5.2968037128448486e-01	5.6520491838455200e-01	2.1663561463356018e-01
155	5.4020631313323975e-01	5.5832904577255249e-01	2.1698936820030212e-01
156	5.3405272960662842e-01	5.5036342144012451e-01	2.1654695272445679e-01
157	5.3086304664611816e-01	5.3923910856246948e-01	2.1656852960586548e-01
158	5.5171048641204834e-01	5.2630949020385742e-01	2.1687023341655731e-01
159	5.7051640748977661e-01	5.1517927646636963e-01	2.1641318500041962e-01
160	5.2570050954818726e-01	5.0810468196868896e-01	2.1582262217998505e-01
161	4.5586955547332764e-01	5.0397437810897827e-01	2.1588400006294250e-01
162	4.3957698345184326e-01	5.0179249048233032e-01	2.1583360433578491e-01
163	4.4868874549865723e-01	5.0094592571258545e-01	2.1571321785449982e-01
164	4.9449938535690308e-01	5.0064414739608765e-01	2.1554557979106903e-01
165	5.3541827201843262e-01	5.0100541114807129e-01	2.1519605815410614e-01
166	5.3185790777206421e-01	5.0156366825103760e-01	2.1542328596115112e-01
167	5.4109954833984375e-01	5.0060039758682251e-01	2.1537709236145020e-01
168	5.5357027053833008e-01	4.9675816297531128e-01	2.1533776819705963e-01
169	4.7570097446441650e-01	4.9036434292793274e-01	2.1507337689399719e-01
170	4.6655541658401489e-01	4.8278132081031799e-01	2.1455359458923340e-01
171	4.3515756726264954e-01	4.7666928172111511e-01	2.1451887488365173e-01
172	4.3084174394607544e-01	4.7503262758255005e-01	2.1434174478054047e-01
173	4.4473534822463989e-01	4.7785255312919617e-01	2.1441012620925903e-01
174	4.7258836030960083e-01	4.8306015133857727e-01	2.1457469463348389e-01
175	4.8643749952316284e-01	4.8772069811820984e-01	2.1433487534523010e-01
176	5.0375318527221680e-01	4.8983681201934814e-01	2.1387018263339996e-01
177	6.0747849941253662e-01	4.8949685692787170e-01	2.1403165161609650e-01
178	5.3237974643707275e-01	4.8773375153541565e-01	2.1452979743480682e-01
179	4.7869801521301270e-01	4.8591047525405884e-01	2.1358577907085419e-01
180	4.1262462735176086e-01	4.8344516754150391e-01	2.1327200531959534e-01
181	4.2646521329879761e-01	4.8134467005729675e-01	2.1323506534099579e-01
182	4.5128709077835083e-01	4.7866120934486389e-01	2.1315646171569824e-01
183	4.3550056219100952e-01	4.7580537199974060e-01	2.1341171860694885e-01
184	5.8007133007049561e-01	4.7408461570739746e-01	2.1346700191497803e-01
185	4.3119293451309204e-01	4.7301715612411499e-01	2.1379248797893524e-01
186	6.2429952621459961e-01	4.7141608595848083e-01	2.1300710737705231e-01
187	4.2737531661987305e-01	4.6894490718841553e-01	2.1248632669448853e-01
188	4.3064749240875244e-01	4.6630668640136719e-01	2.1236005425453186e-01
189	4.1601431369781494e-01	4.6401268243789673e-01	2.1221412718296051e-01
190	4.1596302390098572e-01	4.6171784400939941e-01	2.1259948611259460e-01
191	4.5201581716537476e-01	4.5950949192047119e-01	2.1263135969638824e-01
192	4.5146483182907104e-01	4.5672377943992615e-01	2.1250255405902863e-01
193	5.2485167980194092e-01	4.5307031273841858e-01	2.1181073784828186e-01
194	5.2237391471862793e-01	4.4554471969604492e-01	2.1181039512157440e-01
195	4.6551769971847534e-01	4.3336811661720276e-01	2.1213050186634064e-01
196	4.0997934341430664e-01	4.1775798797607422e-01	2.1199145913124084e-01
197	4.1222628951072693e-01	3.9934936165809631e-01	2.1206164360046387e-01
198	3.3466517925262451e-01	3.7867197394371033e-01	2.1149498224258423e-01
199	3.0713614821434021e-01	3.5693424940109253e-01	2.1137784421443939e-01
200	3.0438989400863647e-01	3.3580508828163147e-01	2.1142895519733429e-01
201	3.6770811676979065e-01	3.1658527255058289e-01	2.1144141256809235e-01
202	3.3187276124954224e-01	3.0045875906944275e-01	2.1151383221149445e-01
203	2.7683025598526001e-01	2.8781068325042725e-01	2.1105755865573883e-01
204	2.8276628255844116e-01	2.7784842252731323e-01	2.1099644899368286e-01
205	2.2382417321205139e-01	2.6867628097534180e-01	2.1098276972770691e-01
206	2.1553909778594971e-01	2.5931388139724731e-01	2.1140938997268677e-01
207	2.5380083918571472e-01	2.5097149610519409e-01	2.1098196506500244e-01
208	2.5879764556884766e-01	2.4458846449851990e-01	2.1046957373619080e-01
209	2.4909365177154541e-01	2.3891294002532959e-01	2.1049463748931885e-01
210	2.5514549016952515e-01	2.3243442177772522e-01	2.1011589467525482e-01
211	2.2377124428749084e-01	2.2506487369537354e-01	2.1052855253219604e-01
212	2.5040948390960693e-01	2.1861843764781952e-01	2.1056324243545532e-01
213	2.0411191880702972e-01	2.1646901965141296e-01	2.1031168103218079e-01
214	1.6460189223289490e-01	2.2268514335155487e-01	2.1051916480064392e-01
215	1.6572880744934082e-01	2.3641423881053925e-01	2.1003422141075134e-01
216	1.5114785730838776e-01	2.5252857804298401e-01	2.1006599068641663e-01
217	2.7120280265808105e-01	2.6618638634681702e-01	2.1003754436969757e-01
218	2.8982684016227722e-01	2.7578440308570862e-01	2.0946505665779114e-01
219	4.6901881694793701e-01	2.8085762262344360e-01	2.0954431593418121e-01
220	4.1033512353897095e-01	2.7944123744964600e-01	2.0985305309295654e-01
221	2.9323786497116089e-01	2.6921775937080383e-01	2.0936478674411774e-01
222	2.0652940869331360e-01	2.4882386624813080e-01	2.0946812629699707e-01
223	2.1284934878349304e-01	2.2158636152744293e-01	2.1016751229763031e-01
224	1.7887951433658600e-01	1.9423238933086395e-01	2.0944324135780334e-01
225	8.5726693272590637e-02	1.7311868071556091e-01	2.0931449532508850e-01
226	1.2569142878055573e-01	1.6239084303379059e-01	2.0914201438426971e-01
227	5.6960202753543854e-02	1.6090129315853119e-01	2.0847676694393158e-01
228	1.8271709978580475e-01	1.6458564996719360e-01	2.0896324515342712e-01
229	1.9380152225494385e-01	1.7064836621284485e-01	2.0904339849948883e-01
230	2.2144582867622375e-01	1.7682918906211853e-01	2.0907868444919586e-01
231	2.1577194333076477e-01	1.8152125179767609e-01	2.0890404284000397e-01
232	2.3073087632656097e-01	1.8380634486675262e-01	2.0860245823860168e-01
233	1.8760398030281067e-01	1.8201506137847900e-01	2.0846788585186005e-01
234	1.7983601987361908e-01	1.7394727468490601e-01	2.0840592682361603e-01
235	1.0258734971284866e-01	1.6051752865314484e-01	2.0864811539649963e-01
236	1.3367201387882233e-01	1.4361356198787689e-01	2.0855557918548584e-01
237	2.1433308720588684e-01	1.2559759616851807e-01	2.0825809240341187e-01
238	1.2855908274650574e-01	1.0968928784132004e-01	2.0789557695388794e-01
239	6.2878571450710297e-02	9.8265133798122406e-02	2.0812603831291199e-01
240	4.5576240867376328e-02	9.2817097902297974e-02	2.0837341248989105e-01
241	6.3833132386207581e-02	9.3570269644260406e-02	2.0797248184680939e-01
242	1.3620133511722088e-02	9.9084027111530304e-02	2.0838002860546112e-01
243	7.4475288391113281e-02	1.0854955017566681e-01	2.0806725323200226e-01
244	9.8685920238494873e-02	1.2179373204708099e-01	2.0741304755210876e-01
245	1.9527018070220947e-01	1.3689766824245453e-01	2.0750594139099121e-01
246	2.3233973979949951e-01	1.5199184417724609e-01	2.0764563977718353e-01
247	2.0159325003623962e-01	1.6531573235988617e-01	2.0760768651962280e-01
248	1.5581668913364410e-01	1.7343495786190033e-01	2.0736323297023773e-01
249	1.7015798389911652e-01	1.7343409359455109e-01	2.0759913325309753e-01
250	1.8024693429470062e-01	1.6684575378894806e-01	2.0741820335388184e-01
251	1.7382699251174927e-01	1.5758973360061646e-01	2.0728777348995209e-01
252	1.8714645504951477e-01	1.4916415512561798e-01	2.0732659101486206e-01
253	1.1620595306158066e-01	1.4373177289962769e-01	2.0720289647579193e-01
254	8.3002015948295593e-02	1.4149063825607300e-01	2.0714502036571503e-01
255	1.1590868234634399e-01	1.4075404405593872e-01	2.0688086748123169e-01
256	1.5306392312049866e-01	1.4053140580654144e-01	2.0691213011741638e-01
257	1.0572984814643860e-01	1.4333175122737885e-01	2.0687749981880188e-01
258	1.5507088601589203e-01	1.5512064099311829e-01	2.0675250887870789e-01
259	2.2256678342819214e-01	1.7868430912494659e-01	2.0675536990165710e-01
260	1.6518929600715637e-01	2.0856353640556335e-01	2.0667733252048492e-01
261	1.0500274598598480e-01	2.3612569272518158e-01	2.0684096217155457e-01
262	1.7003646492958069e-01	2.5588670372962952e-01	2.0645813643932343e-01
263	4.1331046819686890e-01	2.6616162061691284e-01	2.0642675459384918e-01
264	4.9802988767623901e-01	2.6781198382377625e-01	2.0686060190200806e-01
265	3.6728319525718689e-01	2.6204118132591248e-01	2.0612269639968872e-01
266	2.4176198244094849e-01	2.4750626087188721e-01	2.0587456226348877e-01
267	2.0986308157444000e-01	2.2227972745895386e-01	2.0622394979000092e-01
268	1.5080949664115906e-01	1.8881815671920776e-01	2.0643623173236847e-01
269	1.1439870297908783e-01	1.5375427901744843e-01	2.0611970126628876e-01
270	6.7996010184288025e-02	1.2512461841106415e-01	2.0592483878135681e-01
271	2.9383994638919830e-02	1.0838032513856888e-01	2.0608581602573395e-01
272	6.0623854398727417e-02	1.0424789786338806e-01	2.0629997551441193e-01
273	1.4834505319595337e-01	1.0957085341215134e-01	2.0678591728210449e-01
274	1.0141769796609879e-01	1.1942028999328613e-01	2.0732700824737549e-01
275	5.0392679870128632e-02	1.3109126687049866e-01	2.0774358510971069e-01
276	1.7405781149864197e-01	1.4356166124343872e-01	2.0736499130725861e-01
277	2.6867860555648804e-01	1.5800921618938446e-01	2.0784233510494232e-01
278	2.1787519752979279e-01	1.7314431071281433e-01	2.0855338871479034e-01
279	7.1013122797012329e-02	1.8808490037918091e-01	2.0845876634120941e-01
280	1.6146790981292725e-01	2.0236757397651672e-01	2.0853966474533081e-01
281	2.6542568206787109e-01	2.1612095832824707e-01	2.0833858847618103e-01
